100
3 1 5 15 13 11
3 0 8 23 22 21
2 0 2 2 3
3 1 10 13 17 3
1 1 10 21
2 0 0 29 17
3 1 6 14 26 14
1 1 6 22
3 0 3 5 5 6
3 0 2 2 25 3
1 1 7 5
1 1 7 17
2 1 5 24 6
3 3 1 18 7 12
3 0 3 9 6 5
3 2 2 5 17 8
3 1 10 13 22 6
1 0 8 0
3 0 0 0 0 0
1 0 5 9
2 0 2 2 2
3 2 9 16 7 26
2 0 6 15 29
2 2 5 4 9
2 1 2 3 2
1 0 7 19
2 0 10 15 2
3 0 0 2 21 8
2 2 10 20 19
3 2 9 18 9 1
3 2 3 5 6 5
1 1 9 27
3 1 7 17 15 2
2 2 8 9 27
1 0 10 17
2 1 2 3 2
1 0 2 2
2 1 9 20 4
3 0 4 25 13 15
2 1 7 17 8
1 0 2 4
2 0 10 6 10
3 1 0 2 16 0
1 0 3 15
1 1 6 23
1 0 9 15
2 1 10 26 27
1 0 5 12
1 0 3 5
1 1 7 8
2 2 8 3 23
3 3 4 10 21 24
3 1 5 11 13 11
2 2 8 4 13
1 0 6 15
1 0 8 9
1 1 5 21
2 0 1 0 0
3 0 7 14 6 13
2 0 3 5 6
1 0 9 24
1 0 4 19
2 0 2 0 11
2 0 5 30 12
2 0 2 2 2
3 0 3 11 20 6
3 0 7 10 7 0
3 3 10 13 28 20
2 2 8 7 15
1 0 0 30
3 0 4 20 9 8
2 1 7 25 19
1 0 5 12
3 3 1 2 23 9
2 1 5 11 11
1 0 3 4
2 1 4 1 11
1 0 0 23
2 1 7 13 9
2 0 4 8 8
1 0 0 0
1 1 0 5
2 0 0 10 28
2 0 2 3 3
1 0 5 12
1 0 8 11
2 0 8 14 12
2 1 1 0 7
3 0 1 19 13 11
1 0 6 21
3 0 5 11 11 22
1 0 10 30
2 0 5 5 21
1 0 3 6
2 0 5 14 16
2 0 7 17 17
2 0 7 17 17
1 0 10 27
2 0 7 24 25
2 0 3 5 11
