---[2] --- [2]
Case #1: 7
---[13, 5, 5, 13, 2, 2, 5, 5, 2, 2, 5, 13] --- [13, 5, 2]
Case #2: 35
---[] --- [0]
Case #3: 0
---[0] --- [0, 1]
Case #4: 1
---[1] --- [1, 0, 2]
Case #5: 2
---[2, 1, 1] --- [1, 0, 2, 3]
Case #6: 4
---[3, 1, 1] --- [1, 0, 3, 2, 4]
Case #7: 6
---[19, 5, 5, 19, 1, 1, 5, 5, 1, 1, 5, 19, 0, 1, 1, 0, 1, 5, 5, 1, 1, 5, 0, 1, 1, 0, 1, 5, 19] --- [19, 5, 1, 0]
Case #8: 84
---[22, 17, 9, 9, 17, 5, 5, 9] --- [9, 5, 17, 22]
Case #9: 46
---[11, 9, 8] --- [8, 9, 11]
Case #10: 14
---[35, 28, 28, 35, 26, 14] --- [14, 26, 35, 28]
Case #11: 76
---[48] --- [48]
Case #12: 91
---[72, 64, 25] --- [25, 64, 72]
Case #13: 128
---[2] --- [2]
Case #14: 5
---[26, 5] --- [5, 26]
Case #15: 48
---[24, 17, 17, 24, 15, 15, 17, 17, 15, 15, 17, 24, 12] --- [12, 24, 17, 15]
Case #16: 58
---[36, 30, 19, 19, 30, 18, 19, 18, 30, 5, 5, 18] --- [18, 5, 30, 19, 36]
Case #17: 112
---[64, 42, 42, 64, 36, 4, 4, 36] --- [36, 4, 64, 42]
Case #18: 198
---[2] --- [2, 3]
Case #19: 3
---[20] --- [20]
Case #20: 32
---[63, 58, 36, 17, 17, 36, 1, 1, 17, 17, 1, 1, 17, 36] --- [36, 17, 1, 58, 63]
Case #21: 159
---[74] --- [74]
Case #22: 95
---[37, 11, 11, 37, 7, 7, 11, 11, 7, 7, 11, 37] --- [37, 11, 7]
Case #23: 124
---[16, 7, 2, 2, 7] --- [7, 2, 16]
Case #24: 32
---[69, 28] --- [28, 69]
Case #25: 131
---[81, 69, 69, 81, 67, 67, 69, 59, 67, 59, 69, 40] --- [40, 69, 59, 67, 81]
Case #26: 191
---[61, 3, 3, 61] --- [61, 3]
Case #27: 157
---[97, 67, 56, 56, 67, 27, 27, 56, 9, 9, 27, 27, 9, 9, 27, 56] --- [56, 27, 9, 67, 97]
Case #28: 253
---[86, 83, 65, 65, 83, 53, 6, 6, 53] --- [53, 6, 83, 65, 86]
Case #29: 239
---[71, 32, 32, 71, 28, 28, 32, 32, 28, 28, 32, 71, 24, 24, 28, 28, 24, 32, 32, 28, 28, 32, 24, 24, 28, 28, 24, 32, 71, 19, 24, 19, 28, 28, 24, 19, 32] --- [32, 19, 24, 28, 71]
Case #30: 213
---[70, 68, 29, 29, 68, 19, 19, 29, 29, 19, 19, 29, 68, 3, 3, 19, 19, 3, 3, 19, 29, 29, 19, 19, 29, 3, 3, 19, 19, 3, 3, 19, 29, 68] --- [68, 29, 19, 3, 70]
Case #31: 242
---[96, 49, 40, 40, 49, 15, 15, 40, 40, 15, 15, 40, 49, 8, 8, 15, 15, 8, 8, 15, 40, 40, 15, 15, 40, 8, 8, 15, 49] --- [49, 15, 8, 40, 96]
Case #32: 242
---[51, 46, 46, 51, 45, 46, 45, 51, 23, 23, 45, 46, 45, 23, 23, 45, 51, 18, 18, 23, 23, 18, 18, 23, 45, 46, 45, 23, 23, 45, 18, 18, 23, 51] --- [51, 23, 18, 45, 46]
Case #33: 201
---[88, 79, 64, 64, 79, 55, 21, 21, 55] --- [55, 21, 79, 64, 88]
Case #34: 237
---[93, 50, 41, 41, 50, 28, 41, 28, 50, 0, 0, 28, 41, 28, 0, 0, 28, 50] --- [50, 28, 0, 41, 93]
Case #35: 243
---[87, 64, 34, 34, 64, 24, 24, 34, 34, 24, 24, 34, 64, 14, 14, 24, 24, 14, 34, 34, 24, 24, 34, 14, 14, 24, 24, 14, 34, 64] --- [64, 34, 14, 24, 87]
Case #36: 247
---[91, 65, 56, 56, 65, 43, 43, 56, 56, 43, 65, 27, 27, 43] --- [43, 27, 65, 56, 91]
Case #37: 249
---[59, 51, 51, 59, 37, 37, 51, 51, 37, 37, 51, 59, 36, 36, 37, 37, 36, 36, 37, 51, 51, 37, 37, 51, 36, 36, 37, 37, 36, 36, 37, 51, 59, 32, 51, 37, 37, 51, 36, 36, 37, 37, 36, 36, 37, 51, 32, 59] --- [59, 32, 51, 37, 36]
Case #38: 202
---[75, 74, 28, 28, 74, 21, 21, 28, 28, 21, 21, 28, 74, 7, 7, 21, 21, 7, 28] --- [28, 7, 21, 74, 75]
Case #39: 239
---[95, 58, 37, 37, 58, 35, 35, 37, 37, 35, 35, 37, 58, 29, 37, 35, 35, 37, 29, 58] --- [58, 29, 37, 35, 95]
Case #40: 229
---[93, 43, 28, 28, 43, 18, 18, 28, 28, 18, 18, 28, 43, 11, 11, 18, 18, 11, 28, 28, 18, 18, 28, 11, 11, 18, 43] --- [43, 18, 11, 28, 93]
Case #41: 236
---[76, 43, 43, 76, 29, 29, 43, 43, 29, 29, 43, 76, 28, 29, 28, 43, 4, 4, 28, 29, 28, 4, 4, 28, 43] --- [43, 28, 4, 29, 76]
Case #42: 236
---[63, 40, 40, 63, 38, 40, 38, 63, 13, 13, 38, 40, 38, 13, 13, 38, 63, 6, 6, 13, 13, 6, 6, 13, 38] --- [38, 13, 6, 63, 40]
Case #43: 231
---[88, 69, 28, 28, 69, 18, 18, 28, 28, 18, 18, 28, 69, 4, 4, 18, 18, 4, 4, 18, 28, 28, 18, 18, 28, 4, 4, 18, 18, 4, 4, 18, 28, 69] --- [69, 28, 18, 4, 88]
Case #44: 240
---[96, 70, 43, 43, 70, 24, 24, 43, 43, 24, 24, 43, 70, 17, 17, 24, 24, 17, 17, 24, 43] --- [43, 24, 17, 70, 96]
Case #45: 247
---[99, 90, 83, 72, 25, 25, 72] --- [72, 25, 83, 90, 99]
Case #46: 219
---[90, 54, 44, 44, 54, 39, 44, 39, 54, 5, 5, 39, 44, 39, 5, 5, 39, 54] --- [54, 39, 5, 44, 90]
Case #47: 247
---[86, 82, 82, 86, 69, 69, 82, 64, 42] --- [42, 64, 82, 69, 86]
Case #48: 221
---[97, 55, 48, 48, 55, 7, 7, 48, 48, 7, 7, 48, 55, 4, 4, 7, 7, 4, 4, 7, 48] --- [48, 7, 4, 55, 97]
Case #49: 245
---[99, 43, 28, 28, 43, 22, 22, 28, 28, 22, 22, 28, 43, 11, 11, 22, 22, 11, 28, 28, 22, 22, 28, 11, 11, 22, 43] --- [43, 22, 11, 28, 99]
Case #50: 236
---[68, 46, 46, 68, 40, 40, 46, 46, 40, 40, 46, 68, 22, 22, 40, 40, 22, 46, 11, 11, 22, 22, 11, 11, 22, 40, 40, 22, 11, 11, 22, 46] --- [46, 22, 11, 40, 68]
Case #51: 239
---[61, 30, 30, 61, 10, 10, 30, 30, 10, 10, 30, 61, 5, 5, 10, 10, 5, 5, 10, 30, 30, 10, 10, 30, 5, 5, 10, 10, 5, 5, 10, 30, 61, 1, 1, 5, 5, 1, 1, 5, 10, 10, 5, 5, 10, 1, 1, 5, 5, 1, 1, 5, 10, 30, 30, 10, 10, 30, 5, 5, 10, 10, 5, 5, 10, 30, 1, 1, 5, 5, 1, 1, 5, 10, 10, 5, 5, 10, 1, 1, 5, 5, 1, 1, 5, 10, 30, 61] --- [61, 30, 10, 5, 1]
Case #52: 201
---[78, 44, 44, 78, 36, 36, 44, 20, 20, 36, 36, 20, 44, 5, 5, 20, 20, 5, 5, 20, 36, 36, 20, 5, 5, 20, 44] --- [44, 20, 5, 36, 78]
Case #53: 237
---[65, 26, 26, 65, 22, 22, 26, 26, 22, 22, 26, 65, 16, 16, 22, 22, 16, 26, 26, 22, 22, 26, 16, 16, 22, 22, 16, 26, 65, 8, 8, 16, 16, 8, 22, 22, 16, 8, 8, 16, 26, 26, 22, 22, 26, 16, 16, 22, 22, 16, 26, 8, 8, 16, 22, 16, 8, 8, 16, 26, 65] --- [65, 26, 16, 8, 22]
Case #54: 211
---[82, 62, 62, 82, 58, 58, 62, 37, 37, 58, 24, 24, 37, 37, 24, 58] --- [58, 24, 37, 82, 62]
Case #55: 250
---[99, 52, 36, 36, 52, 24, 24, 36, 36, 24, 52, 0, 0, 24, 24, 0, 0, 24, 36, 36, 24, 0, 0, 24, 52] --- [52, 24, 0, 36, 99]
Case #56: 245
---[79, 73, 73, 79, 71, 71, 73, 73, 71, 71, 73, 79, 68, 73, 71, 71, 73, 68, 79, 50] --- [50, 79, 68, 73, 71]
Case #57: 186
---[94, 81, 33, 33, 81, 31, 31, 33, 33, 31, 31, 33, 81, 30, 31, 30, 33] --- [33, 30, 31, 81, 94]
Case #58: 214
---[99, 96, 81, 63, 63, 81, 60] --- [60, 81, 63, 96, 99]
Case #59: 175
---[90, 73, 73, 90, 68, 68, 73, 59, 13, 13, 59] --- [59, 13, 73, 68, 90]
Case #60: 233
---[95, 84, 66, 40, 40, 66, 26, 26, 40] --- [40, 26, 66, 84, 95]
Case #61: 242
---[90, 84, 84, 90, 76, 42, 42, 76, 36, 36, 42] --- [42, 36, 76, 90, 84]
Case #62: 230
---[79, 56, 56, 79, 45, 45, 56, 18, 18, 45, 7, 7, 18, 18, 7, 7, 18, 45] --- [45, 18, 7, 79, 56]
Case #63: 245
---[87, 72, 59, 59, 72, 48, 12, 12, 48] --- [48, 12, 72, 59, 87]
Case #64: 244
---[87, 42, 42, 87, 36, 36, 42, 10, 10, 36, 36, 10, 10, 36, 42, 9, 9, 10, 10, 9, 9, 10, 36, 36, 10, 10, 36, 9, 9, 10, 42] --- [42, 10, 9, 36, 87]
Case #65: 235
---[72, 21, 21, 72, 13, 13, 21, 21, 13, 13, 21, 72, 6, 6, 13, 13, 6, 6, 13, 21, 21, 13, 13, 21, 6, 6, 13, 13, 6, 6, 13, 21, 72, 1, 1, 6, 6, 1, 1, 6, 13, 13, 6, 6, 13, 1, 1, 6, 6, 1, 1, 6, 13, 21, 21, 13, 13, 21, 6, 6, 13, 13, 6, 6, 13, 21, 1, 1, 6, 6, 1, 1, 6, 13, 13, 6, 6, 13, 1, 1, 6, 6, 1, 1, 6, 13, 21, 72] --- [72, 21, 13, 6, 1]
Case #66: 207
---[99, 55, 21, 21, 55, 19, 19, 21, 21, 19, 19, 21, 55, 4, 4, 19, 19, 4, 21, 21, 19, 19, 21, 4, 4, 19, 19, 4, 21, 55] --- [55, 21, 4, 19, 99]
Case #67: 231
---[67, 40, 40, 67, 39, 40, 39, 67, 11, 11, 39, 5, 5, 11, 11, 5, 5, 11, 39] --- [39, 11, 5, 67, 40]
Case #68: 232
---[84, 58, 58, 84, 50, 50, 58, 28, 28, 50, 50, 28, 28, 50, 58, 27, 28, 27, 50, 50, 28, 28, 50, 27, 58] --- [58, 27, 50, 28, 84]
Case #69: 246
---[96, 69, 24, 24, 69, 22, 22, 24, 24, 22, 22, 24, 69, 20, 22, 20, 24, 24, 22, 22, 24, 20, 22, 20, 24, 69] --- [69, 24, 20, 22, 96]
Case #70: 221
---[92, 84, 84, 92, 81, 81, 84, 72, 30] --- [30, 72, 84, 81, 92]
Case #71: 217
---[85, 72, 50, 50, 72, 25, 25, 50, 22, 22, 25, 25, 22, 22, 25, 50] --- [50, 25, 22, 72, 85]
Case #72: 246
---[98, 42, 40, 40, 42, 13, 13, 40, 40, 13, 42] --- [42, 13, 40, 98, 99]
Case #73: 223
---[98, 90, 81, 24, 24, 81, 9, 9, 24] --- [24, 9, 81, 90, 98]
Case #74: 221
---[94, 55, 36, 36, 55, 32, 32, 36, 36, 32, 32, 36, 55, 19, 19, 32, 32, 19, 36, 36, 32, 32, 36, 19, 55] --- [55, 19, 36, 32, 94]
Case #75: 245
---[79, 76, 76, 79, 73, 73, 76, 76, 73, 79, 69, 4, 4, 69] --- [69, 4, 79, 73, 76]
Case #76: 208
---[79, 60, 60, 79, 55, 55, 60, 60, 55, 55, 60, 79, 50, 50, 55, 55, 50, 60, 60, 55, 55, 60, 50, 50, 55, 55, 50, 60, 79, 42] --- [42, 79, 60, 50, 55]
Case #77: 214
---[93, 84, 67, 21, 21, 67, 5, 5, 21, 21, 5, 5, 21, 67] --- [67, 21, 5, 84, 93]
Case #78: 230
---[61, 54, 54, 61, 26, 26, 54, 54, 26, 61, 13, 13, 26, 26, 13, 13, 26, 54, 54, 26, 13, 13, 26, 61, 4, 4, 13, 13, 4, 4, 13, 26, 26, 13, 13, 26, 4, 4, 13, 13, 4, 4, 13, 26, 54, 54, 26, 13, 13, 26, 4, 4, 13, 13, 4, 4, 13, 26, 61] --- [61, 26, 13, 4, 54]
Case #79: 229
---[84, 59, 59, 84, 44, 44, 59, 6, 6, 44, 2, 2, 6, 6, 2, 2, 6, 44] --- [44, 6, 2, 84, 59]
Case #80: 239
---[89, 68, 42, 42, 68, 28, 28, 42, 42, 28, 28, 42, 68, 21, 21, 28, 28, 21, 42] --- [42, 21, 28, 68, 89]
Case #81: 245
---[98, 72, 58, 58, 72, 36, 36, 58, 8, 8, 36] --- [36, 8, 72, 58, 98]
Case #82: 256
---[53, 48, 48, 53, 33, 48, 33, 53, 8, 8, 33, 48, 33, 8, 8, 33, 53, 3, 3, 8, 8, 3, 3, 8, 33, 48, 33, 8, 8, 33, 3, 3, 8, 8, 3, 3, 8, 33, 53] --- [53, 33, 8, 3, 48]
Case #83: 208
---[90, 67, 54, 54, 67, 48, 48, 54, 54, 48, 67, 33] --- [33, 67, 48, 54, 90]
Case #84: 244
---[88, 68, 46, 46, 68, 29, 29, 46, 0, 0, 29, 29, 0, 0, 29, 46] --- [46, 29, 0, 68, 88]
Case #85: 254
---[97, 90, 49, 33, 33, 49, 3, 3, 33, 33, 3, 3, 33, 49] --- [49, 33, 3, 90, 97]
Case #86: 236
---[97, 92, 86, 63, 63, 86, 53] --- [53, 86, 63, 92, 97]
Case #87: 193
---[96, 88, 75, 52, 25, 25, 52] --- [52, 25, 75, 88, 96]
Case #88: 229
---[60, 57, 57, 60, 36, 36, 57, 57, 36, 60, 29, 29, 36, 36, 29, 29, 36, 57, 57, 36, 29, 29, 36, 60, 14, 14, 29, 29, 14, 36, 57, 36, 29, 29, 36, 14, 14, 29, 29, 14, 36, 60] --- [60, 36, 14, 29, 57]
Case #89: 235
---[60, 28, 28, 60, 27, 27, 28, 28, 27, 27, 28, 60, 21, 27, 21, 28, 28, 27, 27, 28, 21, 27, 21, 28, 60, 4, 4, 21, 27, 21, 4, 4, 21, 28, 28, 27, 27, 28, 21, 27, 21, 28, 4, 4, 21, 27, 21, 4, 4, 21, 28, 60] --- [60, 28, 21, 4, 27]
Case #90: 210
---[94, 56, 50, 50, 56, 48, 2, 2, 48] --- [48, 2, 56, 50, 94]
Case #91: 244
---[99, 97, 43, 39, 39, 43, 2, 2, 39, 39, 2, 2, 39, 43] --- [43, 39, 2, 97, 99]
Case #92: 235
---[81, 47, 28, 28, 47, 3, 3, 28, 28, 3, 3, 28, 47, 0, 0, 3, 3, 0, 0, 3, 28, 28, 3, 3, 28, 0, 0, 3, 3, 0, 0, 3, 28, 47] --- [47, 28, 3, 0, 81]
Case #93: 225
---[59, 51, 51, 59, 38, 38, 51, 51, 38, 38, 51, 59, 35, 35, 38, 38, 35, 35, 38, 51, 51, 38, 38, 51, 35, 35, 38, 38, 35, 35, 38, 51, 59, 34, 51, 38, 38, 51, 35, 35, 38, 38, 35, 35, 38, 51, 34, 59] --- [59, 34, 51, 38, 35]
Case #94: 197
---[92, 39, 27, 27, 39, 15, 15, 27, 27, 15, 15, 27, 39, 4, 4, 15, 15, 4, 4, 15, 27, 27, 15, 15, 27, 4, 4, 15, 39] --- [39, 15, 4, 27, 92]
Case #95: 232
---[85, 64, 49, 49, 64, 43, 43, 49, 49, 43, 43, 49, 64, 29, 29, 43, 43, 29, 49, 49, 43, 43, 49, 29, 64] --- [64, 29, 49, 43, 85]
Case #96: 247
---[77, 71, 38, 38, 71, 35, 35, 38, 0, 0, 35] --- [35, 0, 71, 38, 77]
Case #97: 257
---[92, 89, 89, 92, 88, 67, 49] --- [49, 67, 88, 92, 89]
Case #98: 191
---[95, 90, 44, 44, 90, 43, 43, 44, 29, 43, 29, 44] --- [44, 29, 43, 90, 95]
Case #99: 217
---[82, 69, 41, 41, 69, 40, 40, 41, 41, 40, 40, 41, 69, 26, 26, 40, 40, 26, 41] --- [41, 26, 40, 69, 82]
Case #100: 238
