255
219


219
2 19
21 9
2 1 9




2
101


70
8675309


8  6  7  5  3  0  9
                  1 1
                  0 0
                  0 0 1
               0 0     
               0 0
               0 0 0
            1 0
            1 1
            0 0 1
         1 1
         1 0
         0 0 1     
      1 1
      0 0
      0 0 1
   1 1
   1 1
   0 0 2
1 2
0 0
0 0 2            
 

30
1234321


1   2   3   4   3   2   1
                        1 1
                        0 0
                        0 0 1
                    1 1
                    1 0
                    0 0 1
                1 1
                1 1
                0 0 2
            1 2
            0 0
            0 0 2
         1 2
         0 0
         0 0 2
     1 2
     1 2
     0 0 4
 1 4
 1 2
 0 0 6        
                        